Semi-Major Axis: 7886.3,7909.5,8619.9,42165
Eccentricity: 0.15871,0.16092,0.1847,0.0002106
Inc_Degrees: 50.082,50.001,34.2477,1.9516
RAAN_Degrees: 88.824,70.052,164.87,87.151
Arg_Degrees: 134.99,171.5,335.49,163
Theta_Degrees: 305.5,224.87,107.97,327.48
